4.000,30,119,65
B0,Hips,-1,0.8389207720756531,0.09330727905035019,-0.5361953377723694,0,-0.04768279939889908,0.9940070509910583,0.09837085753679276,0,0.5421605706214905,-0.05695805326104164,0.8383422493934631,0,-0.4393869936466217,89.18295288085938,-1.4706549644470215,1
B1,Spine,0,0.9988089203834534,0.04721307009458542,-0.012283973395824432,0,-0.0451689176261425,0.9901139736175537,0.1327909529209137,0,0.018432017415761948,-0.13207805156707764,0.9910680651664734,0,-9.999999974752427e-7,11.38477611541748,-0.3575640022754669,1
B2,Spine1,1,0.9976379871368408,0.012821811251342297,-0.06748504191637039,0,0.004645801614969969,0.9675819873809814,0.25251492857933044,0,0.06853500753641129,-0.25223201513290405,0.965237021446228,0,0,11.001228332519531,0.01593399979174137,1
B3,Spine2,2,0.9976779818534851,-0.004955073352903128,-0.06792276352643967,0,0.021960973739624023,0.9674800038337708,0.251992791891098,0,0.0644652470946312,-0.2528991997241974,0.9653419256210327,0,0,11.80212116241455,-1.024533987045288,1
B4,Neck,3,0.9936599731445312,-0.09558488428592682,0.05919123440980911,0,0.09352114051580429,0.9949399828910828,0.036711711436510086,0,-0.06240079551935196,-0.030943317338824272,0.9975709915161133,0,0,31.637643814086914,-6.288516998291016,1
B5,Head,4,0.9288380146026611,-0.08082224428653717,0.3615627884864807,0,0.23024797439575195,0.890492856502533,-0.3924393057823181,0,-0.2902512848377228,0.44776174426078796,0.8457329869270325,0,0,15.930154800415039,3.3112568855285645,1
B6,HeadTop_End,5,1,0,0,0,0,1,0,0,0,0,1,0,0,18.718238830566406,7.507894039154053,1
B7,LeftShoulder,3,0.7171759009361267,0.6552181839942932,0.23737818002700806,0,-0.6567937731742859,0.7493661642074585,-0.0840919241309166,0,-0.2329818606376648,-0.09559986740350723,0.967771053314209,0,7.841245174407959,26.206689834594727,-8.211092948913574,1
B8,LeftArm,7,0.43525850772857666,0.2670912742614746,0.8597741723060608,0,0.6070689558982849,0.6181499361991882,-0.4993571937084198,0,-0.6648438572883606,0.7392922639846802,0.1069122776389122,0,15.832416534423828,-6.441033840179443,-1.3537089824676514,1
B9,LeftForeArm,8,0.8661649227142334,0.007159851491451263,0.49970728158950806,0,-0.008403081446886063,0.9999650120735168,0.00023784532095305622,0,-0.49968773126602173,-0.004405091051012278,0.8661941885948181,0,22.075607299804688,0.18439100682735443,-1.3487210273742676,1
B10,LeftHand,9,0.9997559189796448,-0.02181273140013218,-0.00360195804387331,0,0.02116025611758232,0.9913010001182556,-0.12989893555641174,0,0.006404078099876642,0.12979106605052948,0.9915210604667664,0,28.159231185913086,-0.00008399999933317304,-0.0000019999999949504854,1
B11,LeftHandMiddle1,10,0.9554980397224426,-0.29287904500961304,-0.03530406579375267,0,0.2928789258003235,0.9561350345611572,-0.005287560634315014,0,0.03530405834317207,-0.005287562031298876,0.9993630051612854,0,14.956117630004883,-0.0000470000013592653,9.999999974752427e-7,1
B12,LeftHandMiddle2,11,0.9372230172157288,-0.3462250232696533,-0.04173500835895538,0,0.34622496366500854,0.9381219744682312,-0.007458975538611412,0,0.041735000908374786,-0.007458975538611412,0.9991009831428528,0,4.533205032348633,-0.000018000000636675395,0.0000019999999949504854,1
B13,LeftHandMiddle3,12,0.9335970878601074,-0.3557499945163727,-0.042883049696683884,0,0.3557499349117279,0.934548020362854,-0.007889771834015846,0,0.04288304224610329,-0.007889771834015846,0.9990490674972534,0,2.1879329681396484,-0.000009000000318337698,0,1
B14,LeftHandMiddle4,13,1,0,0,0,0,1,0,0,0,0,1,0,3.387779951095581,-0.000012999999853491317,9.999999974752427e-7,1
B15,LeftHandThumb1,10,0.86285400390625,0.343783974647522,0.37053510546684265,0,-0.29449599981307983,0.9377249479293823,-0.18424104154109955,0,-0.4107988476753235,0.04985198751091957,0.9103620648384094,0,8.910334587097168,-2.2615609169006348,5.310975074768066,1
B16,LeftHandThumb2,15,0.931067943572998,0.10374709218740463,-0.34978410601615906,0,-0.056189991533756256,0.9880549907684326,0.1434917449951172,0,0.36049285531044006,-0.11394621431827545,0.9257760047912598,0,3.1829869747161865,-1.8377079963684082,1.837699055671692,1
B17,LeftHandThumb3,16,0.998642086982727,0.04399608448147774,-0.027916301041841507,0,-0.044258907437324524,0.9989809989929199,-0.008867745287716389,0,0.02749769203364849,0.010091242380440235,0.9995710253715515,0,2.34683895111084,-1.3549569845199585,1.3549460172653198,1
B18,LeftHandThumb4,17,1,0,0,0,0,1,0,0,0,0,1,0,1.690284013748169,-0.9758930206298828,0.9758859872817993,1
B19,LeftHandIndex1,10,0.9745741486549377,-0.22357477247714996,-0.014859040267765522,0,0.22355324029922485,0.974686861038208,-0.003108921693637967,0,0.015177980996668339,-0.000291911797830835,0.9998850226402283,0,14.958085060119629,-0.12035000324249268,3.131014108657837,1
B20,LeftHandIndex2,19,0.9716519713401794,-0.23283591866493225,-0.04098279029130936,0,0.23278802633285522,0.97250896692276,-0.006004236172884703,0,0.04125414043664932,-0.0037062757182866335,0.9991419315338135,0,3.0580480098724365,-0.029241999611258507,-0.040456999093294144,1
B21,LeftHandIndex3,20,0.9861429333686829,-0.165476992726326,-0.011839918792247772,0,0.16546697914600372,0.9862139821052551,-0.001827212399803102,0,0.01197904348373413,-0.0001572229666635394,0.9999279975891113,0,3.359930992126465,-0.03212999925017357,9.999999974752427e-7,1
B22,LeftHandIndex4,21,1,0,0,0,0,1,0,0,0,0,1,0,2.8149430751800537,-0.22099100053310394,-0.04628299921751022,1
B23,LeftHandRing1,10,0.9073049426078796,-0.4174521267414093,-0.050320565700531006,0,0.4174518883228302,0.9086319804191589,-0.01101377047598362,0,0.0503205768764019,-0.011013560928404331,0.9986720085144043,0,15.115920066833496,0.14191199839115143,-3.5209848880767822,1
B24,LeftHandRing2,23,0.8701270818710327,-0.48928502202033997,-0.058979976922273636,0,0.4892849326133728,0.871986985206604,-0.015431046485900879,0,0.05897999927401543,-0.01543105486780405,0.9981400370597839,0,3.1900479793548584,-0.000009999999747378752,0,1
B25,LeftHandRing3,24,0.8625069260597229,-0.5024080276489258,-0.060561180114746094,0,0.5024080276489258,0.8644760847091675,-0.016335774213075638,0,0.06056094914674759,-0.0163367111235857,0.9980310201644897,0,3.463987112045288,-0.000014000000192027073,0.000003000000106112566,1
B26,LeftHandRing4,25,1,0,0,0,0,1,0,0,0,0,1,0,2.1679530143737793,-0.000007000000096013537,0.0000019999999949504854,1
B27,LeftHandPinky1,10,0.784351110458374,-0.6032538414001465,-0.14449116587638855,0,0.6066370606422424,0.7946038842201233,-0.02444015070796013,0,0.1295567899942398,-0.06848400086164474,0.9892040491104126,0,12.756232261657715,-0.19511200487613678,-5.534070014953613,1
B28,LeftHandPinky2,27,0.7839030623435974,-0.6206108927726746,-0.018395012244582176,0,0.6208760142326355,0.7836959362030029,0.018285192549228668,0,0.0030681071802973747,-0.025754841044545174,0.9996640682220459,0,2.238603115081787,-0.000007000000096013537,0.0000019999999949504854,1
B29,LeftHandPinky3,28,0.7861259579658508,-0.6136240363121033,-0.0739680752158165,0,0.6136239171028137,0.7891890406608582,-0.02541174553334713,0,0.07396809756755829,-0.025411758571863174,0.9969370365142822,0,3.2332561016082764,-0.000011000000085914508,0.0000019999999949504854,1
B30,LeftHandPinky4,29,1,0,0,0,0,1,0,0,0,0,1,0,1.8753509521484375,-0.000007000000096013537,0.0000019999999949504854,1
B31,RightShoulder,3,0.9658459424972534,0.01753673329949379,0.2585243284702301,0,-0.01387220248579979,0.9997760057449341,-0.015992291271686554,0,-0.2587466835975647,0.011859777383506298,0.9658721089363098,0,-7.841245174407959,26.206689834594727,-8.211092948913574,1
B32,RightArm,31,0.3028062880039215,-0.6052476167678833,-0.7361952066421509,0,0.08732080459594727,0.7868307828903198,-0.6109604239463806,0,0.9490430951118469,0.12071749567985535,0.2911079227924347,0,-15.832416534423828,-6.441033840179443,-1.3537089824676514,1
B33,RightForeArm,32,0.9373350143432617,-0.007775035221129656,-0.3483419418334961,0,0.008386003784835339,0.9999650716781616,0.00024611520348116755,0,0.34832802414894104,-0.0031518905889242887,0.9373679161071777,0,-22.075607299804688,0.18439100682735443,-1.3487210273742676,1
B34,RightHand,33,0.9856870174407959,0.16353186964988708,-0.040967196226119995,0,-0.16625811159610748,0.9831799268722534,-0.0756019651889801,0,0.02791479043662548,0.08133098483085632,0.9962959885597229,0,-28.159231185913086,-0.00008399999933317304,-0.0000019999999949504854,1
B35,RightHandThumb1,34,0.8689979910850525,-0.3776080906391144,-0.3197719156742096,0,0.329636812210083,0.9237470030784607,-0.195016011595726,0,0.3690280318260193,0.06405992060899734,0.9272079467773438,0,-8.910334587097168,-2.2615609169006348,5.310975074768066,1
B36,RightHandThumb2,35,0.9412959218025208,0.0112462742254138,0.33739402890205383,0,-0.052016764879226685,0.9923409819602966,0.11204416304826736,0,-0.33355000615119934,-0.12301692366600037,0.9346719980239868,0,-3.1829869747161865,-1.8377079963684082,1.837699055671692,1
B37,RightHandThumb3,36,0.9993289709091187,-0.036581989377737045,-0.0015700984513387084,0,0.036538008600473404,0.9990839958190918,-0.022285165265202522,0,0.0023838954512029886,0.022212838754057884,0.999750018119812,0,-2.34683895111084,-1.3549569845199585,1.3549460172653198,1
B38,RightHandThumb4,37,1,0,0,0,0,1,0,0,0,0,1,0,-1.690284013748169,-0.9758930206298828,0.9758859872817993,1
B39,RightHandIndex1,34,0.9799260497093201,0.19898973405361176,0.012142962776124477,0,-0.19897426664829254,0.9800019264221191,-0.002492080209776759,0,-0.01239602267742157,0.000025917121092788875,0.9999229907989502,0,-14.958085060119629,-0.12035000324249268,3.131014108657837,1
B40,RightHandIndex2,39,0.9773109555244446,0.20831017196178436,0.03834088146686554,0,-0.2082708179950714,0.9780580401420593,-0.005062056239694357,0,-0.03855409473180771,-0.003038085298612714,0.9992520213127136,0,-3.0580480098724365,-0.029241999611258507,-0.040456999093294144,1
B41,RightHandIndex3,40,0.9900220632553101,0.1406199336051941,0.009089788421988487,0,-0.14061304926872253,0.9900640249252319,-0.001399036729708314,0,-0.009196202270686626,0.00010693432705011219,0.9999579191207886,0,-3.359930992126465,-0.03212999925017357,9.999999974752427e-7,1
B42,RightHandIndex4,41,1,0,0,0,0,1,0,0,0,0,1,0,-2.8149430751800537,-0.22099100053310394,-0.04628299921751022,1
B43,RightHandMiddle1,34,0.9495450258255005,0.31133413314819336,0.0378989651799202,0,-0.31133392453193665,0.950281023979187,-0.006052298936992884,0,-0.03789893910288811,-0.006052298936992884,0.9992629885673523,0,-14.956117630004883,-0.0000470000013592653,9.999999974752427e-7,1
B44,RightHandMiddle2,43,0.9290969967842102,0.36712488532066345,0.04468999803066254,0,-0.36712512373924255,0.9301329851150513,-0.008504924364387989,0,-0.04469003155827522,-0.008504925295710564,0.9989650845527649,0,-4.533205032348633,-0.000018000000636675395,0.0000019999999949504854,1
B45,RightHandMiddle3,44,0.9248910546302795,0.37744495272636414,0.045945923775434494,0,-0.3774450421333313,0.9259880185127258,-0.009009375236928463,0,-0.04594592750072479,-0.009009373374283314,0.9989029765129089,0,-2.1879329681396484,-0.000009000000318337698,0,1
B46,RightHandMiddle4,45,1,0,0,0,0,1,0,0,0,0,1,0,-3.387779951095581,-0.000012999999853491317,9.999999974752427e-7,1
B47,RightHandRing1,34,0.8761150240898132,0.478568971157074,0.058255936950445175,0,-0.47856900095939636,0.8779240250587463,-0.014860223047435284,0,-0.05825594440102577,-0.014860224910080433,0.9981909990310669,0,-15.115920066833496,0.14191199839115143,-3.5209848880767822,1
B48,RightHandRing2,47,0.8268150687217712,0.5583519339561462,0.06796803325414658,0,-0.558351993560791,0.8293439149856567,-0.020773911848664284,0,-0.06796803325414658,-0.020773908123373985,0.9974709749221802,0,-3.1900479793548584,-0.000009999999747378752,0,1
B49,RightHandRing3,48,0.816739022731781,0.5727789402008057,0.06972414255142212,0,-0.5727789998054504,0.8194149732589722,-0.021982034668326378,0,-0.06972385942935944,-0.021982941776514053,0.9973240494728088,0,-3.463987112045288,-0.000014000000192027073,0.000003000000106112566,1
B50,RightHandRing4,49,1,0,0,0,0,1,0,0,0,0,1,0,-2.1679530143737793,-0.000007000000096013537,0.0000019999999949504854,1
B51,RightHandPinky1,34,0.6964589357376099,0.7123380303382874,0.08671315014362335,0,-0.7123379707336426,0.7008910775184631,-0.03641008958220482,0,-0.08671282976865768,-0.03641095757484436,0.9955679774284363,0,-12.756232261657715,-0.19511200487613678,-5.534070014953613,1
B52,RightHandPinky2,51,0.6964582204818726,0.7123387455940247,0.0867127776145935,0,-0.7123391032218933,0.700890839099884,-0.036410506814718246,0,-0.08671281486749649,-0.036410506814718246,0.9955679774284363,0,-2.238603115081787,-0.000007000000096013537,0.0000019999999949504854,1
B53,RightHandPinky3,52,0.6964589357376099,0.7123380303382874,0.08671315014362335,0,-0.7123379707336426,0.7008910775184631,-0.03641008958220482,0,-0.08671282976865768,-0.03641095757484436,0.9955679774284363,0,-3.2332561016082764,-0.000011000000085914508,0.0000019999999949504854,1
B54,RightHandPinky4,53,1,0,0,0,0,1,0,0,0,0,1,0,-1.8753509521484375,-0.000007000000096013537,0.0000019999999949504854,1
B55,LeftUpLeg,0,0.9755420684814453,0.1971719115972519,-0.09716382622718811,0,-0.2188291698694229,0.912913978099823,-0.3445321321487427,0,0.020770158618688583,0.3573678731918335,0.9337329864501953,0,11.569609642028809,-8.17413330078125,1.1669620275497437,1
B56,LeftLeg,55,0.991343080997467,0.002692755311727524,0.13126683235168457,0,-0.09853628277778625,0.6759930849075317,0.7302910089492798,0,-0.08676892518997192,-0.7369030117988586,0.6704060435295105,0,0.03919000178575516,-41.21925735473633,0.18766899406909943,1
B57,LeftFoot,56,0.9061400890350342,-0.1288750171661377,0.40286579728126526,0,0.3323611617088318,0.8060548305511475,-0.4897052049636841,0,-0.26162126660346985,0.5776387453079224,0.7732320427894592,0,-0.026417000219225883,-41.41990280151367,-2.8152780532836914,1
B58,LeftToeBase,57,1,0,0,0,0,0.9948220252990723,-0.10163000226020813,0,0,0.10163000226020813,0.9948220252990723,0,0.24417400360107422,-9.691152572631836,11.83679485321045,1
B59,LeftToe_End,58,1,0,0,0,0,1,0,0,0,0,1,0,1.44343900680542,0.2108220010995865,9.304070472717285,1
B60,RightUpLeg,0,0.8399149775505066,-0.33066219091415405,0.43035486340522766,0,0.5382320284843445,0.6092509627342224,-0.5823400616645813,0,-0.0696362555027008,0.7207469940185547,0.6896920204162598,0,-11.569609642028809,-8.174135208129883,1.1669620275497437,1
B61,RightLeg,60,0.9909669756889343,0.027837250381708145,-0.1311853528022766,0,0.04870699718594551,0.8367090225219727,0.5454778075218201,0,0.12494856119155884,-0.5469400882720947,0.8277950882911682,0,-0.026409000158309937,-41.21926498413086,0.1882990002632141,1
B62,RightFoot,61,0.9398669600486755,0.3397611975669861,0.03483081981539726,0,-0.3411397933959961,0.9289200305938721,0.14398303627967834,0,0.01656479202210903,-0.14720703661441803,0.9889670014381409,0,0.0393109992146492,-41.41984939575195,-2.8159079551696777,1
B63,RightToeBase,62,1,0,0,0,0,1,-0.00024399861285928637,0,0,0.00024399861285928637,1,0,-0.24417400360107422,-9.691152572631836,11.836795806884766,1
B64,RightToe_End,63,1,0,0,0,0,1,0,0,0,0,1,0,-1.44343900680542,0.2108220010995865,9.304070472717285,1
@52,0,1,2,3,4,5,7,8,9,10,11,12,13,15,16,17,19,20,21,23,24,25,27,28,29,31,32,33,34,35,36,37,39,40,41,43,44,45,47,48,49,51,52,53,55,56,57,58,60,61,62,63
K0,0.008389206603169441,0.000933072529733181,-0.005361953750252724,0,-0.00047682749573141336,0.00994007010012865,0.00098370888736099,0,0.005421606358140707,-0.0005695810541510582,0.008383422158658504,0,-0.004393870010972023,0.8918294906616211,-0.014706549234688282,1,0.9988089203834534,0.04721307381987572,-0.01228397898375988,0,-0.0451689213514328,0.9901139736175537,0.1327909529209137,0,0.018432023003697395,-0.13207805156707764,0.9910680651664734,0,0,11.38477611541748,-0.3575640022754669,1,0.9976380467414856,0.0128218038007617,-0.067485012114048,0,0.004645801614969969,0.9675819873809814,0.25251492857933044,0,0.0685349777340889,-0.25223201513290405,0.965237021446228,0,0,11.001228332519531,0.01593399979174137,1,0.9976779818534851,-0.004955049604177475,-0.06792275607585907,0,0.021960949525237083,0.9674800038337708,0.251992791891098,0,0.06446525454521179,-0.2528991997241974,0.9653419256210327,0,0,11.80212116241455,-1.024533987045288,1,0.9936599731445312,-0.09558487683534622,0.05919121950864792,0,0.0935211330652237,0.9949399828910828,0.03671169653534889,0,-0.06240077689290047,-0.030943304300308228,0.9975709915161133,0,0,31.637643814086914,-6.288516998291016,1,0.9288380742073059,-0.0808221697807312,0.36156269907951355,0,0.2302478551864624,0.8904929161071777,-0.3924393355846405,0,-0.2902512550354004,0.4477617144584656,0.8457330465316772,0,0,15.930154800415039,3.3112568855285645,1,0.7171758413314819,0.655218243598938,0.23737819492816925,0,-0.6567938923835754,0.7493661046028137,-0.08409189432859421,0,-0.2329818457365036,-0.09559991210699081,0.967771053314209,0,7.841245174407959,26.206689834594727,-8.211092948913574,1,0.4352584481239319,0.26709097623825073,0.8597742319107056,0,0.6070689558982849,0.6181501150131226,-0.4993568956851959,0,-0.6648437976837158,0.7392921447753906,0.10691247880458832,0,15.832416534423828,-6.441033840179443,-1.3537089824676514,1,0.8661649227142334,0.007159877102822065,0.49970728158950806,0,-0.008403124287724495,0.9999650120735168,0.00023786787642166018,0,-0.49968773126602173,-0.004405132029205561,0.8661941885948181,0,22.075607299804688,0.18439100682735443,-1.3487210273742676,1,0.9997559189796448,-0.021812735125422478,-0.0036019401159137487,0,0.02116026170551777,0.9913010001182556,-0.12989893555641174,0,0.006404060870409012,0.12979106605052948,0.9915210604667664,0,28.159231185913086,-0.00008399999933317304,-0.0000019999999949504854,1,0.9554980397224426,-0.29287904500961304,-0.0353039987385273,0,0.2928789258003235,0.9561350345611572,-0.005287551321089268,0,0.0353039912879467,-0.005287551321089268,0.9993630051612854,0,14.956117630004883,-0.0000470000013592653,0,1,0.9372230172157288,-0.3462250232696533,-0.041735004633665085,0,0.34622496366500854,0.9381219744682312,-0.007458975072950125,0,0.04173499718308449,-0.007458975072950125,0.9991009831428528,0,4.533205032348633,-0.000018000000636675395,0.0000019999999949504854,1,0.9335970878601074,-0.3557499945163727,-0.0428830087184906,0,0.3557499349117279,0.934548020362854,-0.007889765314757824,0,0.042883001267910004,-0.007889765314757824,0.9990490674972534,0,2.1879329681396484,-0.000009000000318337698,0,1,0.8628539443016052,0.34378400444984436,0.37053513526916504,0,-0.2944960296154022,0.9377249479293823,-0.18424102663993835,0,-0.4107988774776459,0.04985195770859718,0.9103620648384094,0,8.910334587097168,-2.2615609169006348,5.310975074768066,1,0.931067943572998,0.10374705493450165,-0.34978410601615906,0,-0.056189946830272675,0.9880549907684326,0.1434917449951172,0,0.36049285531044006,-0.11394623667001724,0.9257760047912598,0,3.1829869747161865,-1.8377079963684082,1.837699055671692,1,0.998642086982727,0.043996091932058334,-0.027916306629776955,0,-0.04425891488790512,0.9989809989929199,-0.008867749944329262,0,0.02749769575893879,0.010091247968375683,0.9995710253715515,0,2.34683895111084,-1.3549569845199585,1.3549460172653198,1,0.9745741486549377,-0.22357477247714996,-0.014859030954539776,0,0.22355324029922485,0.974686861038208,-0.003108915640041232,0,0.015177969820797443,-0.00029191572684794664,0.9998850226402283,0,14.958085060119629,-0.12035000324249268,3.131014108657837,1,0.9716519713401794,-0.23283593356609344,-0.040982820093631744,0,0.23278804123401642,0.97250896692276,-0.006004259921610355,0,0.04125417396426201,-0.0037062603514641523,0.9991419315338135,0,3.0580480098724365,-0.029241999611258507,-0.040456999093294144,1,0.9861429333686829,-0.1654769778251648,-0.01183993648737669,0,0.16546696424484253,0.9862139821052551,-0.001827219151891768,0,0.011979062110185623,-0.00015721909585408866,0.9999279975891113,0,3.359930992126465,-0.03212999925017357,0,1,0.9073049426078796,-0.4174521267414093,-0.050320520997047424,0,0.4174518883228302,0.9086319804191589,-0.011013650335371494,0,0.05032048374414444,-0.011013650335371494,0.9986720085144043,0,15.115920066833496,0.14191199839115143,-3.5209848880767822,1,0.8701270818710327,-0.48928502202033997,-0.05897998809814453,0,0.4892849326133728,0.871986985206604,-0.015431053936481476,0,0.05898001417517662,-0.015431055799126625,0.9981400370597839,0,3.1900479793548584,-0.000009999999747378752,0,1,0.8625069260597229,-0.5024080276489258,-0.06056112423539162,0,0.5024080276489258,0.8644760847091675,-0.016335725784301758,0,0.06056087836623192,-0.016336726024746895,0.9980310201644897,0,3.463987112045288,-0.000014000000192027073,0.000003000000106112566,1,0.7843510508537292,-0.6032538414001465,-0.14449122548103333,0,0.6066371202468872,0.7946038842201233,-0.024440087378025055,0,0.1295567750930786,-0.06848409026861191,0.9892040491104126,0,12.756232261657715,-0.19511200487613678,-5.534070014953613,1,0.7839030623435974,-0.6206108927726746,-0.018394945189356804,0,0.6208760142326355,0.7836959362030029,0.018285198137164116,0,0.003068051300942898,-0.02575480379164219,0.9996640682220459,0,2.238603115081787,-0.000007000000096013537,0.0000019999999949504854,1,0.7861259579658508,-0.6136240363121033,-0.07396798580884933,0,0.6136239171028137,0.7891890406608582,-0.02541172318160534,0,0.07396801561117172,-0.02541172318160534,0.9969370365142822,0,3.2332561016082764,-0.000011000000085914508,0.0000019999999949504854,1,0.9658459424972534,0.017536761239171028,0.2585243284702301,0,-0.013872237876057625,0.9997760057449341,-0.015992261469364166,0,-0.2587466835975647,0.011859740130603313,0.9658721089363098,0,-7.841245174407959,26.206689834594727,-8.211092948913574,1,0.30280637741088867,-0.6052478551864624,-0.736194908618927,0,0.08732112497091293,0.7868306040763855,-0.6109606623649597,0,0.9490429759025574,0.12071738392114639,0.2911081612110138,0,-15.832416534423828,-6.441033840179443,-1.3537089824676514,1,0.9373350143432617,-0.007775016129016876,-0.3483419716358185,0,0.008385984227061272,0.9999650716781616,0.0002461154363118112,0,0.3483280539512634,-0.00315188430249691,0.937367856502533,0,-22.075607299804688,0.18439100682735443,-1.3487210273742676,1,0.9856870174407959,0.16353188455104828,-0.04096720740199089,0,-0.16625812649726868,0.9831799268722534,-0.07560199499130249,0,0.02791479416191578,0.08133101463317871,0.9962959885597229,0,-28.159231185913086,-0.00008399999933317304,-0.0000019999999949504854,1,0.8689979314804077,-0.37760815024375916,-0.319771945476532,0,0.3296368420124054,0.9237470030784607,-0.1950160413980484,0,0.3690280616283417,0.06405993551015854,0.9272079467773438,0,-8.910334587097168,-2.2615609169006348,5.310975074768066,1,0.9412959218025208,0.011246261186897755,0.33739399909973145,0,-0.0520167350769043,0.9923409819602966,0.11204412579536438,0,-0.33354997634887695,-0.12301687151193619,0.9346719980239868,0,-3.1829869747161865,-1.8377079963684082,1.837699055671692,1,0.9993289709091187,-0.036581989377737045,-0.0015701015945523977,0,0.036538008600473404,0.9990839958190918,-0.022285163402557373,0,0.002383898478001356,0.022212836891412735,0.999750018119812,0,-2.34683895111084,-1.3549569845199585,1.3549460172653198,1,0.9799260497093201,0.19898973405361176,0.012142970226705074,0,-0.19897426664829254,0.9800019264221191,-0.002492082305252552,0,-0.012396030128002167,0.00002591776501503773,0.9999229907989502,0,-14.958085060119629,-0.12035000324249268,3.131014108657837,1,0.9773109555244446,0.20831017196178436,0.038340892642736435,0,-0.2082708179950714,0.9780580401420593,-0.005062071606516838,0,-0.0385541096329689,-0.0030380720272660255,0.9992520213127136,0,-3.0580480098724365,-0.029241999611258507,-0.040456999093294144,1,0.9900220632553101,0.1406199336051941,0.009089791215956211,0,-0.14061304926872253,0.9900640249252319,-0.0013990513980388641,0,-0.0091962069272995,0.00010694846423575655,0.9999579191207886,0,-3.359930992126465,-0.03212999925017357,0,1,0.9495450258255005,0.31133413314819336,0.037899017333984375,0,-0.31133392453193665,0.950281023979187,-0.006052307318896055,0,-0.037898991256952286,-0.006052307318896055,0.9992629885673523,0,-14.956117630004883,-0.0000470000013592653,0,1,0.9290969967842102,0.36712488532066345,0.04468998312950134,0,-0.36712512373924255,0.9301329851150513,-0.008504921570420265,0,-0.04469002038240433,-0.008504921570420265,0.9989650845527649,0,-4.533205032348633,-0.000018000000636675395,0.0000019999999949504854,1,0.9248910546302795,0.3774449825286865,0.045945994555950165,0,-0.3774450719356537,0.9259880185127258,-0.009009389206767082,0,-0.04594599828124046,-0.009009389206767082,0.9989029765129089,0,-2.1879329681396484,-0.000009000000318337698,0,1,0.8761150240898132,0.478568971157074,0.05825599655508995,0,-0.47856900095939636,0.8779240250587463,-0.014860238879919052,0,-0.05825600400567055,-0.014860238879919052,0.9981909990310669,0,-15.115920066833496,0.14191199839115143,-3.5209848880767822,1,0.8268150687217712,0.5583519339561462,0.06796800345182419,0,-0.558351993560791,0.8293439149856567,-0.02077389881014824,0,-0.06796799600124359,-0.02077389881014824,0.9974709749221802,0,-3.1900479793548584,-0.000009999999747378752,0,1,0.816739022731781,0.5727789402008057,0.06972415745258331,0,-0.5727789998054504,0.8194149732589722,-0.021981988102197647,0,-0.06972384452819824,-0.021982988342642784,0.9973240494728088,0,-3.463987112045288,-0.000014000000192027073,0.000003000000106112566,1,0.6964589357376099,0.7123379707336426,0.08671318739652634,0,-0.7123379111289978,0.7008910775184631,-0.03641002997756004,0,-0.08671281486749649,-0.03641102835536003,0.9955679774284363,0,-12.756232261657715,-0.19511200487613678,-5.534070014953613,1,0.6964581608772278,0.7123388051986694,0.08671298623085022,0,-0.7123391628265381,0.7008907794952393,-0.03641059622168541,0,-0.08671301603317261,-0.03641059994697571,0.9955679774284363,0,-2.238603115081787,-0.000007000000096013537,0.0000019999999949504854,1,0.6964589357376099,0.7123379707336426,0.08671318739652634,0,-0.7123379111289978,0.7008910775184631,-0.03641002997756004,0,-0.08671281486749649,-0.03641102835536003,0.9955679774284363,0,-3.2332561016082764,-0.000011000000085914508,0.0000019999999949504854,1,0.9755420684814453,0.1971718817949295,-0.09716382622718811,0,-0.21882914006710052,0.912913978099823,-0.34453216195106506,0,0.02077016793191433,0.3573679029941559,0.9337329864501953,0,11.569609642028809,-8.17413330078125,1.1669620275497437,1,0.9913430213928223,0.0026926775462925434,0.13126693665981293,0,-0.09853632003068924,0.675993025302887,0.7302910089492798,0,-0.08676904439926147,-0.7369030117988586,0.6704059839248657,0,0.03919000178575516,-41.21925735473633,0.18766899406909943,1,0.906140148639679,-0.12887494266033173,0.4028657376766205,0,0.3323610723018646,0.8060548901557922,-0.48970523476600647,0,-0.26162126660346985,0.5776387453079224,0.7732320427894592,0,-0.026417000219225883,-41.41990280151367,-2.8152780532836914,1,1,0,0,0,0,0.9948220252990723,-0.10163000226020813,0,0,0.10163000226020813,0.9948220252990723,0,0.24417400360107422,-9.691152572631836,11.83679485321045,1,0.8399150371551514,-0.33066216111183167,0.4303547739982605,0,0.5382319688796997,0.6092510223388672,-0.5823401212692261,0,-0.069636270403862,0.7207469344139099,0.6896920800209045,0,-11.569609642028809,-8.174135208129883,1.1669620275497437,1,0.9909669160842896,0.02783714048564434,-0.13118542730808258,0,0.04870713874697685,0.8367090225219727,0.5454778671264648,0,0.12494856864213943,-0.5469401478767395,0.8277950286865234,0,-0.026409000158309937,-41.21926498413086,0.1882990002632141,1,0.9398669600486755,0.3397611975669861,0.03483080118894577,0,-0.3411397933959961,0.9289200305938721,0.14398300647735596,0,0.016564801335334778,-0.14720700681209564,0.9889670014381409,0,0.0393109992146492,-41.41984939575195,-2.8159079551696777,1,1,0,0,0,0,1,-0.00024399999529123306,0,0,0.00024399999529123306,1,0,-0.24417400360107422,-9.691152572631836,11.836795806884766,1
